name: python_M2
channels:
  - conda-forge
  - defaults
dependencies:
  - asttokens=2.4.1=pyhd8ed1ab_0
  - bzip2=1.0.8=h2bbff1b_6
  - ca-certificates=2024.8.30=h56e8100_0
  - colorama=0.4.6=pyhd8ed1ab_0
  - comm=0.2.2=pyhd8ed1ab_0
  - debugpy=1.8.5=py310h9e98ed7_1
  - decorator=5.1.1=pyhd8ed1ab_0
  - exceptiongroup=1.2.2=pyhd8ed1ab_0
  - executing=2.1.0=pyhd8ed1ab_0
  - importlib-metadata=8.5.0=pyha770c72_0
  - importlib_metadata=8.5.0=hd8ed1ab_0
  - ipykernel=6.29.5=pyh4bbf305_0
  - ipython=8.27.0=pyh7428d3b_0
  - jedi=0.19.1=pyhd8ed1ab_0
  - jupyter_client=8.6.2=pyhd8ed1ab_0
  - jupyter_core=5.7.2=py310h5588dad_0
  - krb5=1.21.3=hdf4eb48_0
  - libffi=3.4.4=hd77b12b_1
  - libsodium=1.0.20=hc70643c_0
  - matplotlib-inline=0.1.7=pyhd8ed1ab_0
  - nest-asyncio=1.6.0=pyhd8ed1ab_0
  - openssl=3.3.2=h2466b09_0
  - packaging=24.1=pyhd8ed1ab_0
  - parso=0.8.4=pyhd8ed1ab_0
  - pickleshare=0.7.5=py_1003
  - pip=24.2=py310haa95532_0
  - platformdirs=4.3.3=pyhd8ed1ab_0
  - prompt-toolkit=3.0.47=pyha770c72_0
  - psutil=6.0.0=py310ha8f682b_1
  - pure_eval=0.2.3=pyhd8ed1ab_0
  - pygments=2.18.0=pyhd8ed1ab_0
  - python=3.10.14=he1021f5_1
  - python-dateutil=2.9.0=pyhd8ed1ab_0
  - python_abi=3.10=2_cp310
  - pywin32=306=py310h00ffb61_2
  - pyzmq=26.2.0=py310h656833d_2
  - setuptools=72.1.0=py310haa95532_0
  - six=1.16.0=pyh6c4a22f_0
  - sqlite=3.45.3=h2bbff1b_0
  - stack_data=0.6.2=pyhd8ed1ab_0
  - tk=8.6.14=h0416ee5_0
  - tornado=6.4.1=py310ha8f682b_1
  - traitlets=5.14.3=pyhd8ed1ab_0
  - typing_extensions=4.12.2=pyha770c72_0
  - ucrt=10.0.22621.0=h57928b3_0
  - vc=14.40=h2eaa2aa_1
  - vc14_runtime=14.40.33810=ha82c5b3_21
  - vs2015_runtime=14.40.33810=h3bf8584_21
  - wcwidth=0.2.13=pyhd8ed1ab_0
  - wheel=0.44.0=py310haa95532_0
  - xz=5.4.6=h8cc25b3_1
  - zeromq=4.3.5=he1f189c_5
  - zipp=3.20.2=pyhd8ed1ab_0
  - zlib=1.2.13=h8cc25b3_1
  - pip:
      - altair==5.4.1
      - attrs==24.2.0
      - blinker==1.8.2
      - cachetools==5.5.0
      - certifi==2024.8.30
      - charset-normalizer==3.3.2
      - click==8.1.7
      - contourpy==1.3.0
      - cycler==0.12.1
      - fonttools==4.53.1
      - gitdb==4.0.11
      - gitpython==3.1.43
      - idna==3.10
      - jinja2==3.1.4
      - jsonschema==4.23.0
      - jsonschema-specifications==2023.12.1
      - kiwisolver==1.4.7
      - markdown-it-py==3.0.0
      - markupsafe==2.1.5
      - matplotlib==3.9.2
      - mdurl==0.1.2
      - narwhals==1.8.2
      - numpy==2.1.1
      - pandas==2.2.2
      - pillow==10.4.0
      - plotly==5.24.1
      - protobuf==5.28.2
      - pyarrow==17.0.0
      - pydeck==0.9.1
      - pyparsing==3.1.4
      - pytz==2024.2
      - referencing==0.35.1
      - requests==2.32.3
      - rich==13.8.1
      - rpds-py==0.20.0
      - seaborn==0.13.2
      - smmap==5.0.1
      - streamlit==1.38.0
      - tenacity==8.5.0
      - toml==0.10.2
      - tzdata==2024.1
      - urllib3==2.2.3
      - watchdog==4.0.2
prefix: C:\Users\coral\anaconda3\envs\python_M2
